0 = Normal, 1 =  Mild Cognitive Impairment, 2 = Alzheimer's Disease.

multiclass
Antes de balancear: Counter({1: 283, 0: 170, 2: 137})
Depois de balancear: Counter({0: 283, 2: 283, 1: 283})

verdadeiro: [2, 2, 2, 2, 2, 2, 2, 2, 0, 1, 0, 1, 1, 1, 2, 0, 0, 1, 1, 1, 2, 1, 2, 1, 1, 0, 0, 1, 1, 2, 1, 2, 2, 0, 0, 1, 2, 1, 2, 1, 1, 0, 1, 0, 1, 1, 0, 1, 2, 2, 0, 0, 2, 0, 1, 0, 2, 0, 0, 1, 2, 2, 1, 2, 0, 1, 1, 2, 1, 2, 2, 1, 0, 0, 0, 1, 1, 2, 2, 0, 0, 2, 1, 2, 0, 1, 2, 0, 1, 0, 1, 1, 1, 0, 0, 0, 0, 0, 2, 2, 0, 1, 0, 1, 0, 1, 0, 0, 0, 1, 1, 2, 0, 2, 0, 0, 1, 1, 2, 0, 1, 2, 1, 1, 1, 1, 1, 2, 0, 2, 0, 2, 1, 0, 1, 1, 2, 0, 1, 0, 1, 0, 1, 2, 1, 2, 1, 1, 1, 0, 2, 0, 2, 0, 2, 1, 1, 0, 2, 0, 2, 0, 0, 2, 0, 2, 1, 0, 0, 1]
predito: [1 2 1 2 2 1 1 1 1 1 0 1 1 1 2 0 0 1 1 2 2 1 2 1 1 0 1 1 1 2 1 2 0 0 0 1 2 0 2 1 2 1 1 0 1 1 0 1 2 2 1 0 2 1 1 0 2 0 1 1 2 2 1 2 1 0 1 2 1 2 2 1 0 0 0 1 1 2 2 1 0 1 1 2 1 0 1 0 0 1 1 1 1 0 1 1 1 0 2 2 0 1 0 1 1 2 0 1 0 0 1 0 0 2 1 1 1 1 2 0 0 2 0 0 1 1 1 2 0 2 1 2 1 2 0 0 2 1 1 0 1 0 2 1 1 2 1 1 1 1 2 2 0 0 2 1 1 0 2 0 2 1 0 0 0 2 1 1 1 1]

Normal vs MCI
Antes de balancear: Counter({1: 283, 0: 170})
Depois de balancear: Counter({0: 283, 1: 283})

Verdadeiro: [0, 1, 1, 0, 1, 1, 0, 0, 0, 1, 1, 1, 0, 0, 1, 1, 1, 0, 0, 1, 1, 1, 1, 1, 1, 0, 1, 0, 1, 0, 0, 0, 0, 1, 0, 1, 1, 1, 0, 0, 0, 1, 1, 0, 1, 0, 0, 1, 0, 0, 1, 0, 0, 1, 0, 0, 0, 1, 1, 0, 0, 1, 1, 0, 0, 0, 1, 1, 1, 0, 0, 1, 1, 0, 1, 0, 1, 1, 1, 0, 0, 0, 0, 0, 1, 0, 1, 1, 0, 0, 1, 1, 1, 1, 0, 0, 0, 1, 1, 0, 0, 1, 1, 1, 0, 0, 0, 0, 0, 0, 0, 1, 1, 0]
Predito: [0 1 1 0 1 1 1 0 0 1 1 1 0 1 1 1 1 0 0 1 1 1 1 1 1 0 1 1 1 0 0 1 1 1 1 1 1
 1 0 0 1 1 1 1 1 1 0 1 1 0 1 1 1 1 0 0 1 1 1 0 0 1 1 1 1 0 1 1 1 1 1 1 1 1
 1 1 1 1 1 0 1 1 1 1 1 1 1 1 0 0 1 1 1 1 0 1 0 1 1 0 0 1 1 1 0 1 0 0 0 0 1
 1 1 1]

MCI vs Doença de alzheimer
Antes de balancear: Counter({1: 283, 2: 137})
Depois de balancear: Counter({2: 283, 1: 283})

Verdadeiro: [2, 1, 1, 2, 2, 1, 2, 2, 2, 1, 1, 1, 2, 1, 1, 1, 1, 2, 1, 2, 2, 2, 2, 1, 1, 2, 1, 2, 2, 2, 1, 1, 1, 2, 1, 2, 1, 2, 2, 2, 1, 1, 2, 1, 1, 2, 2, 2, 1, 2, 2, 2, 1, 1, 2, 2, 2, 1, 2, 2, 2, 2, 2, 1, 2, 1, 1, 1, 2, 1, 1, 1, 1, 1, 1, 1, 1, 2, 1, 2, 1, 1, 2, 1, 2, 1, 1, 2, 2, 2, 2, 2, 1, 2, 1, 1, 2, 1, 2, 2, 2, 1, 1, 1, 2, 1, 2, 2, 1, 2, 2, 2, 1, 1]
Predito: [2 1 1 2 1 1 2 2 2 1 1 1 2 1 1 1 1 2 1 2 2 1 1 1 1 2 1 1 1 2 1 1 1 1 1 1 1
 1 2 2 1 1 1 1 1 2 2 2 1 2 1 1 1 1 2 2 2 1 2 2 2 1 2 1 2 1 1 1 2 1 1 1 1 1
 1 1 1 2 1 2 1 1 1 1 2 1 1 1 2 2 1 2 1 1 1 1 2 1 1 2 2 1 1 1 2 1 2 2 1 2 1
 2 1 1]

Normal vs Doenca de Alzheimer
Antes de balancear: Counter({0: 170, 2: 137})
Depois de balancear: Counter({0: 170, 2: 170})

Verdadeiro: [0, 0, 0, 0, 2, 0, 0, 0, 0, 2, 2, 2, 2, 2, 0, 2, 0, 0, 0, 2, 2, 0, 2, 0, 0, 2, 0, 2, 2, 2, 0, 0, 2, 0, 0, 2, 2, 2, 0, 2, 2, 0, 0, 2, 2, 0, 2, 0, 2, 2, 0, 0, 0, 0, 0, 2, 2, 2, 2, 2, 2, 2, 2, 0, 2, 2, 0, 2]
Predito: [2 0 2 0 2 0 0 2 0 0 2 2 2 2 0 2 0 0 0 2 2 0 0 0 0 2 0 2 0 0 0 0 0 0 0 0 0
 0 2 2 0 2 0 0 0 2 2 2 2 2 2 0 2 0 0 0 0 2 2 0 2 2 2 2 2 0 2 0]